   255.  255.  255.
     0.    0.    0.
   230.  230.  230.
   200.  200.  200.
   160.  160.  160.
     0.    0.  255.
     0.    5.  255.
     0.    9.  255.
     0.   14.  255.
     0.   19.  255.
     0.   23.  255.
     0.   28.  255.
     0.   32.  255.
     0.   37.  255.
     0.   42.  255.
     0.   46.  255.
     0.   51.  255.
     0.   56.  255.
     0.   60.  255.
     0.   65.  255.
     0.   70.  255.
     0.   74.  255.
     0.   79.  255.
     0.   83.  255.
     0.   88.  255.
     0.   93.  255.
     0.   97.  255.
     0.  102.  255.
     0.  107.  255.
     0.  111.  255.
     0.  116.  255.
     0.  121.  255.
     0.  125.  255.
     0.  130.  255.
     0.  134.  255.
     0.  139.  255.
     0.  144.  255.
     0.  148.  255.
     0.  153.  255.
     0.  158.  255.
     0.  162.  255.
     0.  167.  255.
     0.  172.  255.
     0.  176.  255.
     0.  181.  255.
     0.  185.  255.
     0.  190.  255.
     0.  195.  255.
     0.  199.  255.
     0.  204.  255.
     0.  209.  255.
     0.  213.  255.
     0.  218.  255.
     0.  223.  255.
     0.  227.  255.
     0.  232.  255.
     0.  236.  255.
     0.  241.  255.
     0.  246.  255.
     0.  250.  255.
     0.  255.  255.
     0.  255.  250.
     0.  255.  246.
     0.  255.  241.
     0.  255.  236.
     0.  255.  232.
     0.  255.  227.
     0.  255.  223.
     0.  255.  218.
     0.  255.  213.
     0.  255.  209.
     0.  255.  204.
     0.  255.  199.
     0.  255.  195.
     0.  255.  190.
     0.  255.  185.
     0.  255.  181.
     0.  255.  176.
     0.  255.  172.
     0.  255.  167.
     0.  255.  162.
     0.  255.  158.
     0.  255.  153.
     0.  255.  148.
     0.  255.  144.
     0.  255.  139.
     0.  255.  134.
     0.  255.  130.
     0.  255.  125.
     0.  255.  121.
     0.  255.  116.
     0.  255.  111.
     0.  255.  107.
     0.  255.  102.
     0.  255.   97.
     0.  255.   93.
     0.  255.   88.
     0.  255.   83.
     0.  255.   79.
     0.  255.   74.
     0.  255.   70.
     0.  255.   65.
     0.  255.   60.
     0.  255.   56.
     0.  255.   51.
     0.  255.   46.
     0.  255.   42.
     0.  255.   37.
     0.  255.   32.
     0.  255.   28.
     0.  255.   23.
     0.  255.   19.
     0.  255.   14.
     0.  255.    9.
     0.  255.    5.
     0.  255.    0.
     5.  255.    0.
     9.  255.    0.
    14.  255.    0.
    19.  255.    0.
    23.  255.    0.
    28.  255.    0.
    32.  255.    0.
    37.  255.    0.
    42.  255.    0.
    46.  255.    0.
    51.  255.    0.
    56.  255.    0.
    60.  255.    0.
    65.  255.    0.
    70.  255.    0.
    74.  255.    0.
    79.  255.    0.
    83.  255.    0.
    88.  255.    0.
    93.  255.    0.
    97.  255.    0.
   102.  255.    0.
   107.  255.    0.
   111.  255.    0.
   116.  255.    0.
   121.  255.    0.
   125.  255.    0.
   130.  255.    0.
   134.  255.    0.
   139.  255.    0.
   144.  255.    0.
   148.  255.    0.
   153.  255.    0.
   158.  255.    0.
   162.  255.    0.
   167.  255.    0.
   172.  255.    0.
   176.  255.    0.
   181.  255.    0.
   185.  255.    0.
   190.  255.    0.
   195.  255.    0.
   199.  255.    0.
   204.  255.    0.
   209.  255.    0.
   213.  255.    0.
   218.  255.    0.
   223.  255.    0.
   227.  255.    0.
   232.  255.    0.
   236.  255.    0.
   241.  255.    0.
   246.  255.    0.
   250.  255.    0.
   255.  255.    0.
   255.  250.    0.
   255.  246.    0.
   255.  241.    0.
   255.  236.    0.
   255.  232.    0.
   255.  227.    0.
   255.  223.    0.
   255.  218.    0.
   255.  213.    0.
   255.  209.    0.
   255.  204.    0.
   255.  199.    0.
   255.  195.    0.
   255.  190.    0.
   255.  185.    0.
   255.  181.    0.
   255.  176.    0.
   255.  172.    0.
   255.  167.    0.
   255.  162.    0.
   255.  158.    0.
   255.  153.    0.
   255.  148.    0.
   255.  144.    0.
   255.  139.    0.
   255.  134.    0.
   255.  130.    0.
   255.  125.    0.
   255.  121.    0.
   255.  116.    0.
   255.  111.    0.
   255.  107.    0.
   255.  102.    0.
   255.   97.    0.
   255.   93.    0.
   255.   88.    0.
   255.   83.    0.
   255.   79.    0.
   255.   74.    0.
   255.   70.    0.
   255.   65.    0.
   255.   60.    0.
   255.   56.    0.
   255.   51.    0.
   255.   46.    0.
   255.   42.    0.
   255.   37.    0.
   255.   32.    0.
   255.   28.    0.
   255.   23.    0.
   255.   19.    0.
   255.   14.    0.
   255.    9.    0.
   255.    5.    0.
   255.    0.    0.
